3.8913787842e+01,  7.8049194336e+01,  3.1845679283e+00
1.6934194565e+01,  8.8608798981e+00,  7.2328002930e+01
4.6867481232e+01,  8.5324783325e+01,  3.8484020233e+01
9.0455055237e+01,  5.2043354034e+01,  8.5583732605e+01
1.2994254112e+01,  2.3557479858e+01,  6.8594238281e+01
2.9777259827e+00,  5.3691635132e+00,  6.8860382080e+01
5.3258140564e+01,  4.8835975647e+01,  7.7570892334e+01
4.3753051758e+00,  4.1801290512e+00,  2.9582151413e+01
4.9550285339e+01,  6.7677230835e+01, -2.0380945206e+00
8.8853431702e+01,  2.9520172119e+01,  8.7694511414e+01
6.4197280884e+01,  5.8124809265e+01,  7.9760818481e+01
1.9682994843e+01,  4.2385089874e+01,  5.6480129242e+01
7.6464492798e+01,  3.3100166321e+01,  1.0064760590e+02
1.6474088669e+01,  2.9606607437e+01,  8.9247024536e+01
2.6752193451e+01,  3.0629985809e+01,  6.9335884094e+01
9.9586540222e+01,  2.7334651947e+01,  7.9692291260e+01
9.5854515076e+01,  2.2367488861e+01,  7.4055099487e+01
5.7880302429e+01,  1.0247180176e+02,  3.9988262177e+01
2.2207679749e+01,  3.8197937012e+01,  7.2244087219e+01
5.5582218170e+01,  7.3699531555e+01,  7.9139051437e+00
6.3437013626e+00,  3.5339229584e+01,  6.0578594208e+01
5.6794799805e+01,  3.8681831360e+01,  5.6829841614e+01
7.7237754822e+01,  1.7167461395e+01,  5.5323692322e+01
4.5639129639e+01,  5.4775276184e+01,  8.9026046753e+01
4.2278316498e+01,  7.7549148560e+01,  5.9003501892e+01
3.7035243988e+01,  3.3717613220e+01,  5.4198417664e+01
6.3451980591e+01,  6.7570907593e+01,  9.9931480408e+01
3.8384254456e+01,  5.5891632080e+01,  7.0199073792e+01
3.3600373268e+00,  1.5688808441e+01,  2.7753387451e+01
4.9347549438e+01,  5.9971626282e+01,  7.4391914368e+01
1.0239339828e+01,  3.9023292542e+01,  6.2588157654e+01
8.8120414734e+01,  3.6596214294e+01,  7.9204788208e+01
4.6885513306e+01,  8.2867050171e+01,  8.3956703186e+01
1.4097843170e+01,  2.9568243027e+01,  6.7034790039e+01
5.5097145081e+01,  8.4084503174e+01,  5.1039840698e+01
1.7586402893e+01,  2.1463569641e+01,  6.7513633728e+01
6.3730674744e+01,  8.2014152527e+01,  7.1479942322e+01
5.1289691925e+01,  3.8973087311e+01,  3.1784584045e+01
1.6000141144e+01,  2.6940460205e+01,  2.6933504105e+01
4.6091629028e+01,  9.1820892334e+01,  4.4394981384e+01
2.2677240372e+00,  2.0240131378e+01,  5.8884960175e+01
5.6758834839e+01,  9.8053115845e+01,  4.7690673828e+01
6.2393115997e+01,  5.6249401093e+01,  6.8068603516e+01
6.5833419800e+01,  6.5257919312e+01,  4.2425775528e+00
2.7737142563e+01,  2.9746440887e+01,  7.5252174377e+01
1.7275262833e+01,  2.5546920776e+01,  5.9825862885e+01
4.5224594116e+01,  6.5093208313e+01,  7.6485404968e+01
6.6611289978e-01,  3.3475513458e+01,  6.1510429382e+01
4.5415351868e+01,  6.1094238281e+01,  9.3984855652e+01
2.3265960693e+01,  4.6160800934e+01,  6.8246246338e+01
5.0277126312e+01,  4.5635204315e+01,  9.5829177856e+01
7.2830991745e+00,  5.8691921234e+00,  7.0048622131e+01
6.2543823242e+01,  1.2307619095e+01,  4.8617301941e+01
7.8875358582e+01,  3.5309040070e+01,  1.0177359009e+02
1.9108751297e+01,  1.9727924347e+01,  6.1976051331e+01
3.2571821213e+00,  2.7002676010e+01,  5.7256168365e+01
4.3453338623e+01,  6.1893684387e+01,  1.0341133118e+02
4.8196834564e+01,  7.8872169495e+01,  4.9736209869e+01
8.0131006241e+00,  3.4448928833e+01,  3.5170452118e+01
6.2766159058e+01,  3.1613162994e+01,  3.1937610626e+01
5.5452209473e+01,  7.7728202820e+01,  8.9336875916e+01
8.1298339367e-01,  3.2402313232e+01,  1.7641874313e+01
5.4234672546e+01,  8.3559371948e+01,  2.5531499863e+01
8.5714826584e+00,  4.0125499725e+01,  6.3926498413e+01
3.5538330078e+01,  6.8657958984e+01,  1.5832458496e+01
1.6215976715e+01,  2.2990257263e+01,  3.2665489197e+01
8.2713684082e+01,  5.5708290100e+01,  3.1161375046e+01
5.3244022369e+01,  4.5162956238e+01,  7.9726493835e+01
8.5621757507e+01,  4.4836326599e+01,  9.5478019714e+01
4.5530723572e+01,  2.4487869263e+01,  3.9594879150e+01
6.7408514023e-01,  2.3254699707e+01,  1.7594032288e+01
5.0286010742e+01,  5.8465335846e+01,  9.3622543335e+01
6.8036514282e+01,  5.2534755707e+01,  1.0808423615e+02
4.7422451019e+01,  9.2342239380e+01,  4.3224182129e+01
3.8486675262e+01,  6.6992294312e+01,  1.0192984009e+02
7.4734054565e+01,  6.7092300415e+01,  7.6077682495e+01
1.3442461967e+01,  2.5642494202e+01,  2.5307182312e+01
4.4478717804e+01,  6.3950256348e+01,  9.5842163086e+01
8.8886756897e+00,  1.6753177643e+01,  5.0711143494e+01
3.4334014893e+01,  1.0479965210e+02,  9.2693014145e+00
2.0341861725e+01,  3.7425720215e+01,  5.5298290253e+01
6.0892807007e+01,  7.2908416748e+01, -4.3334856033e+00
4.9063220978e+01,  9.7771820068e+01,  4.7595432281e+01
3.6261558533e+00,  2.2355331421e+01,  2.4510793686e+01
5.2045291901e+01,  5.6391201019e+01,  1.0958501434e+02
8.2766174316e+01,  3.3446140289e+01,  4.9163036346e+01
5.5888900757e+00,  1.6292490005e+01,  1.9151445389e+01
1.3764819145e+01,  2.9399599075e+01,  5.0415657043e+01
1.0234851837e+01,  2.5176630020e+01,  3.1965038300e+01
3.6279567719e+01,  5.5399772644e+01,  1.0188439178e+02
7.0820396423e+01,  7.3719390869e+01,  1.0508234406e+02
5.9433418274e+01,  4.0436706543e+01,  4.4516883850e+01
5.9420742035e+01,  4.7297325134e+01,  2.6665657043e+01
5.1237125397e+01,  4.6197731018e+01,  1.1027004242e+02
7.2646835327e+01,  6.0851425171e+01,  7.7178848267e+01
5.8946695328e+00,  1.6657341003e+01,  3.2016868591e+01
5.9125244141e+01,  7.7305473328e+01,  6.8282333374e+01
5.1690998077e+01,  8.5397491455e+01,  4.3802246094e+01
5.5181571960e+01,  7.3119567871e+01,  7.3965773582e+00
5.5892028809e+01,  1.8541900635e+01,  2.2080980301e+01
4.3416534424e+01,  8.0194244385e+01,  1.4425119400e+01
6.7037384033e+01,  4.0086730957e+01,  4.2796871185e+01
1.2048503876e+01,  3.5112148285e+01,  2.2041221619e+01
3.9094703674e+01,  8.6435562134e+01,  8.9475984573e+00
5.0813987732e+01,  7.8749313354e+01,  7.2538619995e+01
9.4422283173e+00,  3.1875314713e+01,  7.8827873230e+01
6.0748016357e+01,  4.0945060730e+01,  1.1621139526e+01
4.5397872925e+01,  6.1137573242e+01,  1.0464740753e+02
6.3384237289e+00, -1.5006217957e+00,  3.8212162018e+01
7.4494552612e+01,  6.3901103973e+01,  9.8906219482e+01
2.4770936966e+00,  4.4427318573e+01,  6.3975009918e+01
4.3342685699e+01,  5.0665702820e+01,  8.4952606201e+01
6.1726131439e+01,  9.6995323181e+01,  3.1065490723e+01
4.9475074768e+01,  5.8653709412e+01,  7.5880088806e+01
8.6495590210e+01,  3.1226961136e+01,  3.0297269821e+01
4.7381977081e+01,  6.9419837952e+01,  2.0120601654e+00
5.0653800964e+01,  7.6834190369e+01,  7.9267120361e+01
1.3948193550e+01,  2.0388511658e+01,  1.2619625092e+01
4.8849590302e+01,  8.6007125854e+01,  3.8860263824e+01
4.3736267090e+01,  6.8908889771e+01,  7.1759246826e+01
3.7305408478e+01,  9.3624084473e+01,  6.6216674805e+01
9.1602157593e+01,  5.2418731689e+01,  7.6635360718e+01
5.7232849121e+01,  8.1607299805e+01,  1.0611920357e+01
2.3491861343e+01,  1.3616292953e+01,  5.6828342438e+01
7.4565820694e+00,  3.0794956207e+01,  5.9971996307e+01
1.0321270752e+02,  2.7740055084e+01,  8.8632049561e+01
6.2845443726e+01,  9.3634422302e+01,  3.3963993073e+01
1.5094000816e+01,  2.7254026413e+01,  6.7877449036e+01
8.0241691589e+01,  3.5360580444e+01,  1.1191390228e+02
5.4176467896e+01,  7.3729103088e+01, -1.6528444290e+00
6.6373146057e+01,  6.3874416351e+01, -1.0972881317e-01
5.5214527130e+01,  7.7974929810e+01,  1.7332050323e+01
4.7738883972e+01,  7.9725166321e+01,  3.6789611816e+01
1.1368129730e+01,  3.3103446960e+01,  6.0581275940e+01
7.2407516479e+01,  7.1331176758e+01,  8.3218910217e+01
4.3692996979e+01,  2.3810710907e+01,  7.3505157471e+01
2.7164995193e+01,  1.0470252991e+01,  4.0484901428e+01
3.6649230957e+01,  8.6923004150e+01,  4.9883537292e+01
5.9017593384e+01,  1.8760990143e+01,  5.4799476624e+01
3.5555644035e+00,  1.3150630951e+01,  2.1473844528e+01
2.8079353333e+01,  3.2935279846e+01,  7.9060531616e+01
4.4762561798e+01,  5.3811946869e+01,  8.9770912170e+01
6.3056178093e+00,  1.6360685349e+01,  5.8430480957e+01
2.8472488403e+01,  4.1197303772e+01,  8.7307708740e+01
6.5903312683e+01,  6.4667724609e+01,  5.4814979553e+01
2.3824392319e+01,  1.5982749939e+01,  5.9690853119e+01
9.1774353027e+01,  5.2173320770e+01,  7.9267349243e+01
4.2748409271e+01,  4.7884075165e+01,  8.7465065002e+01
3.6064636230e+01,  6.6105712891e+01,  7.2154953003e+01
5.5941753387e+00,  2.6151363373e+01,  6.8679946899e+01
6.1879837036e+01,  4.7211212158e+01,  2.7027807236e+01
1.9588584900e+01,  2.1981372833e+01,  5.8354476929e+01
8.3311744690e+01,  4.5993156433e+01,  1.0924957275e+02
1.5169075966e+01,  2.4443426132e+01,  5.2840530396e+01
2.0712226868e+01,  2.2828012466e+01,  7.5460914612e+01
5.7799201965e+01,  8.0605606079e+01,  1.2147049904e+01
4.3489269257e+01,  9.6669616699e+01,  4.6987277985e+01
2.6396120071e+01,  3.5377079010e+01,  6.4302330017e+01
5.4727668762e+01,  4.9353797913e+01,  1.1032926941e+02
5.3961593628e+01,  9.5568611145e+01,  4.4333515167e+01
2.4261039734e+01,  2.9924247742e+01,  5.9685504913e+01
4.4638061523e+01,  7.5062568665e+01,  4.4357021332e+01
7.7638946533e+01,  3.2015964508e+01,  3.4412216187e+01
5.5814350128e+01,  3.8163066864e+01,  4.4855110168e+01
4.5647954941e+00,  1.8342391968e+01,  2.7926740646e+01
2.0315097809e+01,  3.0605566025e+01,  5.8419025421e+01
5.7491859436e+01,  6.1781490326e+01,  1.9898658752e+01
6.8488721848e+00,  4.1667713165e+01,  6.9367874146e+01
4.2981960297e+01,  8.5490318298e+01,  4.5873446465e+00
1.0485815048e+01,  2.4810356140e+01,  6.7924446106e+01
8.4837474823e+00,  2.5796062469e+01,  7.5563873291e+01
2.3903367996e+01,  4.3642799377e+01,  6.5735450745e+01
1.3872167587e+01,  7.0020324707e+01,  8.4704734802e+01
4.3655822754e+01,  7.9142501831e+01,  1.1362280846e+00
5.5352397919e+01,  8.3261276245e+01,  3.3869657516e+00
3.3891166687e+01,  2.4930055618e+01,  6.7623008728e+01
4.0094699860e+01,  6.5474777222e+01,  9.4069297791e+01
4.4849960327e+01,  4.6774333954e+01,  9.9163024902e+01
5.8491821289e+01,  1.0178640747e+02,  4.4180233002e+01
5.1144962311e+01,  7.9684684753e+01,  8.2572250366e+01
5.6067905426e+01,  4.8255393982e+01,  9.5189285278e+01
1.2951458931e+01,  2.3651182175e+01,  8.5426963806e+01
1.6985980988e+01,  2.2280183792e+01,  3.4770149231e+01
5.0914237976e+01,  5.5562103271e+01,  9.9689498901e+01
1.1558896637e+02,  4.8604614258e+01,  8.7454162598e+01
3.9652725220e+01,  6.8639419556e+01,  4.2205810547e-02
6.1638046265e+01,  6.0594875336e+01,  6.3248722076e+01
4.9923767090e+01,  7.0276268005e+01,  8.0378044128e+01
3.1657131195e+01,  5.1753890991e+01,  9.3623886108e+01
4.8539718628e+01,  5.2805778503e+01,  8.1614700317e+01
4.2256114960e+01,  8.9094581604e+01,  3.6478466034e+01
1.6328792572e+01,  2.1519451141e+01,  6.8004043579e+01
9.2612823486e+01,  4.2442852020e+01,  8.1760742188e+01
5.3333335876e+01,  4.5664875031e+01,  1.0123160553e+02
5.1434875488e+01,  4.7528900146e+01,  9.3980125427e+01
3.3920951843e+01,  4.7876041412e+01,  1.0061608124e+02
3.7514200211e+00,  2.5540534973e+01,  4.3741695404e+01
9.2984724045e+00,  2.9465957642e+01,  6.4083358765e+01
3.2638126373e+01,  5.6818378448e+01,  9.4064697266e+01
4.7262874603e+01,  9.6274139404e+01,  5.2783168793e+01